# Signatures Produced by ClassSig from 
#    Class-Grid __1000001
#    and Stack __1000000

#    Number of selected grids
/*           6
#    Layer-Number    Band-name
/*           1       Composite_234567.tif\Band_1
/*           2       Composite_234567.tif\Band_2
/*           3       Composite_234567.tif\Band_3
/*           4       Composite_234567.tif\Band_4
/*           5       Composite_234567.tif\Band_5
/*           6       Composite_234567.tif\Band_6

#  Type   Number of Classes   Number of Layers    Number of Parametric Layers
    1             4                  6                         6
# ===================================================================

#  Class ID     Number of Cells    Class Name
        1            105834         1
# Layers             1             2             3             4             5             6
# Means    
             1.504789e-01  1.280942e-01  1.093265e-01  6.547911e-02  3.072531e-02  2.159246e-02
# Covariance
    1        1.135782e-05  1.762674e-05  1.988617e-05 -3.195576e-06  2.910451e-06  4.518746e-06
    2        1.762674e-05  3.116129e-05  4.490528e-05  4.750425e-06  6.905085e-06  8.977369e-06
    3        1.988617e-05  4.490528e-05  1.182011e-04  6.850788e-05  7.949996e-06  7.277832e-06
    4       -3.195576e-06  4.750425e-06  6.850788e-05  1.033696e-04  1.052901e-05  3.853228e-06
    5        2.910451e-06  6.905085e-06  7.949996e-06  1.052901e-05  2.033911e-05  1.796337e-05
    6        4.518746e-06  8.977369e-06  7.277832e-06  3.853228e-06  1.796337e-05  1.683123e-05
# -------------------------------------------------------------------

#  Class ID     Number of Cells    Class Name
      101              3793         101
# Layers             1             2             3             4             5             6
# Means    
             1.350552e-01  1.091809e-01  8.868983e-02  2.021176e-01  1.032824e-01  5.046761e-02
# Covariance
    1        1.194265e-05  1.192542e-05  1.098135e-05  3.787445e-07 -1.072776e-06  2.065454e-06
    2        1.192542e-05  1.924024e-05  1.523432e-05  8.745712e-05  3.539237e-05  1.432201e-05
    3        1.098135e-05  1.523432e-05  1.626120e-05  1.871000e-05  2.544981e-05  1.751573e-05
    4        3.787445e-07  8.745712e-05  1.871000e-05  1.918696e-03  7.628439e-04  2.363533e-04
    5       -1.072776e-06  3.539237e-05  2.544981e-05  7.628439e-04  5.274457e-04  2.439419e-04
    6        2.065454e-06  1.432201e-05  1.751573e-05  2.363533e-04  2.439419e-04  1.353175e-04
# -------------------------------------------------------------------

#  Class ID     Number of Cells    Class Name
      201             13339         201
# Layers             1             2             3             4             5             6
# Means    
             1.423363e-01  1.194897e-01  1.207923e-01  1.747528e-01  2.124746e-01  1.569055e-01
# Covariance
    1        2.013920e-05  2.806568e-05  4.402075e-05  5.799002e-05  1.151118e-04  8.352331e-05
    2        2.806568e-05  5.120570e-05  8.984640e-05  1.607595e-04  2.632567e-04  1.752964e-04
    3        4.402075e-05  8.984640e-05  1.684317e-04  3.285963e-04  5.357964e-04  3.472349e-04
    4        5.799002e-05  1.607595e-04  3.285963e-04  8.878947e-04  1.326742e-03  7.349183e-04
    5        1.151118e-04  2.632567e-04  5.357964e-04  1.326742e-03  2.314660e-03  1.408753e-03
    6        8.352331e-05  1.752964e-04  3.472349e-04  7.349183e-04  1.408753e-03  1.149346e-03
# -------------------------------------------------------------------

#  Class ID     Number of Cells    Class Name
      301             26418         301
# Layers             1             2             3             4             5             6
# Means    
             1.576175e-01  1.376633e-01  1.364683e-01  1.758287e-01  1.826731e-01  1.516431e-01
# Covariance
    1        7.394187e-05  1.063150e-04  1.456060e-04  1.455417e-04  1.917916e-04  1.905070e-04
    2        1.063150e-04  1.730199e-04  2.483907e-04  2.496191e-04  3.157545e-04  2.962042e-04
    3        1.456060e-04  2.483907e-04  3.734609e-04  3.733068e-04  4.984764e-04  4.600718e-04
    4        1.455417e-04  2.496191e-04  3.733068e-04  7.451741e-04  8.827193e-04  7.194509e-04
    5        1.917916e-04  3.157545e-04  4.984764e-04  8.827193e-04  1.631688e-03  1.487102e-03
    6        1.905070e-04  2.962042e-04  4.600718e-04  7.194509e-04  1.487102e-03  1.505514e-03
